[gd_scene load_steps=16 format=2]

[ext_resource path="res://Assets/Pieces/Laser.tscn" type="PackedScene" id=1]
[ext_resource path="res://Camera/Camera Related.tscn" type="PackedScene" id=2]
[ext_resource path="res://Assets/Tile.tscn" type="PackedScene" id=3]
[ext_resource path="res://UI/LevelUI.tscn" type="PackedScene" id=4]
[ext_resource path="res://Assets/Pieces/AND Node.tscn" type="PackedScene" id=5]
[ext_resource path="res://Assets/Pieces/Base.tscn" type="PackedScene" id=6]
[ext_resource path="res://Assets/Pieces/OR Node.tscn" type="PackedScene" id=7]
[ext_resource path="res://Assets/Goal.tscn" type="PackedScene" id=8]
[ext_resource path="res://Scripts/Level.gd" type="Script" id=9]
[ext_resource path="res://Assets/Pieces/AAbsorber.tscn" type="PackedScene" id=10]
[ext_resource path="res://Assets/Blocker.tscn" type="PackedScene" id=11]
[ext_resource path="res://Assets/Pieces/1SM.tscn" type="PackedScene" id=12]
[ext_resource path="res://Assets/Pieces/AGate.tscn" type="PackedScene" id=13]
[ext_resource path="res://Assets/Door.tscn" type="PackedScene" id=14]

[sub_resource type="BoxShape" id=1]
extents = Vector3( 54.2461, 0.502, 100 )

[node name="Level" type="Spatial"]
script = ExtResource( 9 )

[node name="Camera Related" parent="." instance=ExtResource( 2 )]

[node name="Camera Rotation Point" parent="Camera Related" index="1"]
transform = Transform( 1, 0, 0, 0, 1, 0, 0, 0, 1, 38.013, -1, 3.89839 )

[node name="Objects" type="Spatial" parent="."]

[node name="Goal" parent="Objects" instance=ExtResource( 8 )]
transform = Transform( -1, 0, -8.74228e-08, 0, 1, 0, 8.74228e-08, 0, -1, 34, 0, -8 )

[node name="Tiles" type="Spatial" parent="Objects"]

[node name="Tile159" parent="Objects/Tiles" instance=ExtResource( 3 )]
transform = Transform( -1, 0, -8.74228e-08, 0, 1, 0, 8.74228e-08, 0, -1, 34, 0, -8 )

[node name="Tile183" parent="Objects/Tiles" instance=ExtResource( 3 )]
transform = Transform( 1, 0, 0, 0, 1, 0, 0, 0, 1, 40, 0, 4 )

[node name="Tile184" parent="Objects/Tiles" instance=ExtResource( 3 )]
transform = Transform( 1, 0, 0, 0, 1, 0, 0, 0, 1, 44, 0, 4 )

[node name="Tile185" parent="Objects/Tiles" instance=ExtResource( 3 )]
transform = Transform( 1, 0, 0, 0, 1, 0, 0, 0, 1, 42, 0, 4 )

[node name="Tile186" parent="Objects/Tiles" instance=ExtResource( 3 )]
transform = Transform( 1, 0, 0, 0, 1, 0, 0, 0, 1, 44, 0, 6 )

[node name="Tile219" parent="Objects/Tiles" instance=ExtResource( 3 )]
transform = Transform( 1, 0, 0, 0, 1, 0, 0, 0, 1, 40, 0, 2 )

[node name="Tile220" parent="Objects/Tiles" instance=ExtResource( 3 )]
transform = Transform( 1, 0, 0, 0, 1, 0, 0, 0, 1, 40, 0, 6 )

[node name="Tile231" parent="Objects/Tiles" instance=ExtResource( 3 )]
transform = Transform( -1, 0, -8.74228e-08, 0, 1, 0, 8.74228e-08, 0, -1, 40, 0, -8 )

[node name="Tile232" parent="Objects/Tiles" instance=ExtResource( 3 )]
transform = Transform( -1, 0, -8.74228e-08, 0, 1, 0, 8.74228e-08, 0, -1, 38, 0, -8 )

[node name="Tile233" parent="Objects/Tiles" instance=ExtResource( 3 )]
transform = Transform( -1, 0, -8.74228e-08, 0, 1, 0, 8.74228e-08, 0, -1, 36, 0, -8 )

[node name="Tile234" parent="Objects/Tiles" instance=ExtResource( 3 )]
transform = Transform( -1, 0, -8.74228e-08, 0, 1, 0, 8.74228e-08, 0, -1, 36, 0, -6 )

[node name="Tile237" parent="Objects/Tiles" instance=ExtResource( 3 )]
transform = Transform( -1, 0, -8.74228e-08, 0, 1, 0, 8.74228e-08, 0, -1, 34, 0, -6 )

[node name="Tile256" parent="Objects/Tiles" instance=ExtResource( 3 )]
transform = Transform( -1, 0, -8.74228e-08, 0, 1, 0, 8.74228e-08, 0, -1, 38, 0, -4 )

[node name="Tile235" parent="Objects/Tiles" instance=ExtResource( 3 )]
transform = Transform( -1, 0, -8.74228e-08, 0, 1, 0, 8.74228e-08, 0, -1, 38, 0, -6 )

[node name="Tile236" parent="Objects/Tiles" instance=ExtResource( 3 )]
transform = Transform( -1, 0, -8.74228e-08, 0, 1, 0, 8.74228e-08, 0, -1, 40, 0, -6 )

[node name="Tile224" parent="Objects/Tiles" instance=ExtResource( 3 )]
transform = Transform( 1, 0, 0, 0, 1, 0, 0, 0, 1, 42, 0, 6 )

[node name="Tile187" parent="Objects/Tiles" instance=ExtResource( 3 )]
transform = Transform( 1, 0, 0, 0, 1, 0, 0, 0, 1, 30, 0, 2 )

[node name="Tile188" parent="Objects/Tiles" instance=ExtResource( 3 )]
transform = Transform( 1, 0, 0, 0, 1, 0, 0, 0, 1, 34, 0, 0 )

[node name="Tile207" parent="Objects/Tiles" instance=ExtResource( 3 )]
transform = Transform( 1, 0, 0, 0, 1, 0, 0, 0, 1, 32, 0, 0 )

[node name="Tile206" parent="Objects/Tiles" instance=ExtResource( 3 )]
transform = Transform( 1, 0, 0, 0, 1, 0, 0, 0, 1, 34, 0, 2 )

[node name="Tile189" parent="Objects/Tiles" instance=ExtResource( 3 )]
transform = Transform( 1, 0, 0, 0, 1, 0, 0, 0, 1, 32, 0, 2 )

[node name="Tile190" parent="Objects/Tiles" instance=ExtResource( 3 )]
transform = Transform( 1, 0, 0, 0, 1, 0, 0, 0, 1, 34, 0, 4 )

[node name="Tile221" parent="Objects/Tiles" instance=ExtResource( 3 )]
transform = Transform( 1, 0, 0, 0, 1, 0, 0, 0, 1, 30, 0, 0 )

[node name="Tile222" parent="Objects/Tiles" instance=ExtResource( 3 )]
transform = Transform( 1, 0, 0, 0, 1, 0, 0, 0, 1, 30, 0, 4 )

[node name="Tile225" parent="Objects/Tiles" instance=ExtResource( 3 )]
transform = Transform( 1, 0, 0, 0, 1, 0, 0, 0, 1, 32, 0, 4 )

[node name="Tile226" parent="Objects/Tiles" instance=ExtResource( 3 )]
transform = Transform( 1, 0, 0, 0, 1, 0, 0, 0, 1, 30, 0, 6 )

[node name="Tile227" parent="Objects/Tiles" instance=ExtResource( 3 )]
transform = Transform( 1, 0, 0, 0, 1, 0, 0, 0, 1, 32, 0, 6 )

[node name="Tile228" parent="Objects/Tiles" instance=ExtResource( 3 )]
transform = Transform( 1, 0, 0, 0, 1, 0, 0, 0, 1, 34, 0, 6 )

[node name="Tile191" parent="Objects/Tiles" instance=ExtResource( 3 )]
transform = Transform( 1, 0, 0, 0, 1, 0, 0, 0, 1, 32, 0, 12 )

[node name="Tile192" parent="Objects/Tiles" instance=ExtResource( 3 )]
transform = Transform( 1, 0, 0, 0, 1, 0, 0, 0, 1, 36, 0, 12 )

[node name="Tile201" parent="Objects/Tiles" instance=ExtResource( 3 )]
transform = Transform( 1, 0, 0, 0, 1, 0, 0, 0, 1, 34, 0, 10 )

[node name="Tile202" parent="Objects/Tiles" instance=ExtResource( 3 )]
transform = Transform( 1, 0, 0, 0, 1, 0, 0, 0, 1, 36, 0, 10 )

[node name="Tile203" parent="Objects/Tiles" instance=ExtResource( 3 )]
transform = Transform( 1, 0, 0, 0, 1, 0, 0, 0, 1, 38, 0, 10 )

[node name="Tile205" parent="Objects/Tiles" instance=ExtResource( 3 )]
transform = Transform( 1, 0, 0, 0, 1, 0, 0, 0, 1, 40, 0, 10 )

[node name="Tile204" parent="Objects/Tiles" instance=ExtResource( 3 )]
transform = Transform( 1, 0, 0, 0, 1, 0, 0, 0, 1, 42, 0, 10 )

[node name="Tile193" parent="Objects/Tiles" instance=ExtResource( 3 )]
transform = Transform( 1, 0, 0, 0, 1, 0, 0, 0, 1, 34, 0, 12 )

[node name="Tile194" parent="Objects/Tiles" instance=ExtResource( 3 )]
transform = Transform( 1, 0, 0, 0, 1, 0, 0, 0, 1, 36, 0, 14 )

[node name="Tile223" parent="Objects/Tiles" instance=ExtResource( 3 )]
transform = Transform( 1, 0, 0, 0, 1, 0, 0, 0, 1, 32, 0, 10 )

[node name="Tile229" parent="Objects/Tiles" instance=ExtResource( 3 )]
transform = Transform( 1, 0, 0, 0, 1, 0, 0, 0, 1, 32, 0, 14 )

[node name="Tile230" parent="Objects/Tiles" instance=ExtResource( 3 )]
transform = Transform( 1, 0, 0, 0, 1, 0, 0, 0, 1, 34, 0, 14 )

[node name="Tile238" parent="Objects/Tiles" instance=ExtResource( 3 )]
transform = Transform( 1, 0, 0, 0, 1, 0, 0, 0, 1, 32, 0, 16 )

[node name="Tile239" parent="Objects/Tiles" instance=ExtResource( 3 )]
transform = Transform( 1, 0, 0, 0, 1, 0, 0, 0, 1, 34, 0, 16 )

[node name="Tile240" parent="Objects/Tiles" instance=ExtResource( 3 )]
transform = Transform( 1, 0, 0, 0, 1, 0, 0, 0, 1, 36, 0, 16 )

[node name="Tile241" parent="Objects/Tiles" instance=ExtResource( 3 )]
transform = Transform( 1, 0, 0, 0, 1, 0, 0, 0, 1, 32, 0, 18 )

[node name="Tile242" parent="Objects/Tiles" instance=ExtResource( 3 )]
transform = Transform( 1, 0, 0, 0, 1, 0, 0, 0, 1, 34, 0, 18 )

[node name="Tile243" parent="Objects/Tiles" instance=ExtResource( 3 )]
transform = Transform( 1, 0, 0, 0, 1, 0, 0, 0, 1, 36, 0, 18 )

[node name="Tile195" parent="Objects/Tiles" instance=ExtResource( 3 )]
transform = Transform( 1, 0, 0, 0, 1, 0, 0, 0, 1, 38, 0, 12 )

[node name="Tile196" parent="Objects/Tiles" instance=ExtResource( 3 )]
transform = Transform( 1, 0, 0, 0, 1, 0, 0, 0, 1, 38, 0, 14 )

[node name="Tile244" parent="Objects/Tiles" instance=ExtResource( 3 )]
transform = Transform( 1, 0, 0, 0, 1, 0, 0, 0, 1, 38, 0, 16 )

[node name="Tile245" parent="Objects/Tiles" instance=ExtResource( 3 )]
transform = Transform( 1, 0, 0, 0, 1, 0, 0, 0, 1, 38, 0, 18 )

[node name="Tile197" parent="Objects/Tiles" instance=ExtResource( 3 )]
transform = Transform( 1, 0, 0, 0, 1, 0, 0, 0, 1, 40, 0, 12 )

[node name="Tile198" parent="Objects/Tiles" instance=ExtResource( 3 )]
transform = Transform( 1, 0, 0, 0, 1, 0, 0, 0, 1, 40, 0, 14 )

[node name="Tile246" parent="Objects/Tiles" instance=ExtResource( 3 )]
transform = Transform( 1, 0, 0, 0, 1, 0, 0, 0, 1, 40, 0, 16 )

[node name="Tile247" parent="Objects/Tiles" instance=ExtResource( 3 )]
transform = Transform( 1, 0, 0, 0, 1, 0, 0, 0, 1, 40, 0, 18 )

[node name="Tile199" parent="Objects/Tiles" instance=ExtResource( 3 )]
transform = Transform( 1, 0, 0, 0, 1, 0, 0, 0, 1, 42, 0, 12 )

[node name="Tile200" parent="Objects/Tiles" instance=ExtResource( 3 )]
transform = Transform( 1, 0, 0, 0, 1, 0, 0, 0, 1, 42, 0, 14 )

[node name="Tile248" parent="Objects/Tiles" instance=ExtResource( 3 )]
transform = Transform( 1, 0, 0, 0, 1, 0, 0, 0, 1, 42, 0, 16 )

[node name="Tile249" parent="Objects/Tiles" instance=ExtResource( 3 )]
transform = Transform( 1, 0, 0, 0, 1, 0, 0, 0, 1, 42, 0, 18 )

[node name="Tile250" parent="Objects/Tiles" instance=ExtResource( 3 )]
transform = Transform( 1, 0, 0, 0, 1, 0, 0, 0, 1, 32, 0, 20 )

[node name="Tile251" parent="Objects/Tiles" instance=ExtResource( 3 )]
transform = Transform( 1, 0, 0, 0, 1, 0, 0, 0, 1, 34, 0, 20 )

[node name="Tile252" parent="Objects/Tiles" instance=ExtResource( 3 )]
transform = Transform( 1, 0, 0, 0, 1, 0, 0, 0, 1, 36, 0, 20 )

[node name="Tile253" parent="Objects/Tiles" instance=ExtResource( 3 )]
transform = Transform( 1, 0, 0, 0, 1, 0, 0, 0, 1, 38, 0, 20 )

[node name="Tile254" parent="Objects/Tiles" instance=ExtResource( 3 )]
transform = Transform( 1, 0, 0, 0, 1, 0, 0, 0, 1, 40, 0, 20 )

[node name="Tile255" parent="Objects/Tiles" instance=ExtResource( 3 )]
transform = Transform( 1, 0, 0, 0, 1, 0, 0, 0, 1, 42, 0, 20 )

[node name="Plane" type="StaticBody" parent="Objects" groups=[
"Drag To Rotate Camera",
]]
visible = false
collision_layer = 2
collision_mask = 2

[node name="CollisionShape" type="CollisionShape" parent="Objects/Plane"]
shape = SubResource( 1 )

[node name="CollisionShape2" type="CollisionShape" parent="Objects/Plane"]
transform = Transform( 1, 0, 0, 0, -4.37114e-08, 1, 0, -1, -4.37114e-08, 0, 31, -52 )
shape = SubResource( 1 )

[node name="CollisionShape3" type="CollisionShape" parent="Objects/Plane"]
transform = Transform( -4.37114e-08, 1, 4.37114e-08, 0, -4.37114e-08, 1, 1, 4.37114e-08, 1.91069e-15, 46, 31, -5 )
shape = SubResource( 1 )

[node name="CollisionShape4" type="CollisionShape" parent="Objects/Plane"]
transform = Transform( -4.37114e-08, 1, 4.37114e-08, 0, -4.37114e-08, 1, 1, 4.37114e-08, 1.91069e-15, -45, 31, -3 )
shape = SubResource( 1 )

[node name="CollisionShape5" type="CollisionShape" parent="Objects/Plane"]
transform = Transform( 1, 0, 0, 0, -4.37114e-08, 1, 0, -1, -4.37114e-08, 0, 31, 47 )
shape = SubResource( 1 )

[node name="Border Walls" type="StaticBody" parent="Objects" groups=[
"Drag To Rotate Camera",
]]
visible = false

[node name="CollisionShape2" type="CollisionShape" parent="Objects/Border Walls"]
transform = Transform( 2.8, 0, 0, 0, -4.37114e-08, 1, 0, -1, -4.37114e-08, 0, 31, -150 )
shape = SubResource( 1 )

[node name="CollisionShape3" type="CollisionShape" parent="Objects/Border Walls"]
transform = Transform( -1.22392e-07, -1, -4.37114e-08, 0, -4.37114e-08, 1, -2.8, 4.37114e-08, 1.91069e-15, 150, 31, -5 )
shape = SubResource( 1 )

[node name="CollisionShape4" type="CollisionShape" parent="Objects/Border Walls"]
transform = Transform( -1.22392e-07, -1, -4.37114e-08, 0, -4.37114e-08, 1, -2.8, 4.37114e-08, 1.91069e-15, -150, 31, -3 )
shape = SubResource( 1 )

[node name="CollisionShape5" type="CollisionShape" parent="Objects/Border Walls"]
transform = Transform( 2.8, 0, 0, 0, -4.37114e-08, 1, 0, -1, -4.37114e-08, 0, 31, 150 )
shape = SubResource( 1 )

[node name="AND Node" parent="Objects" instance=ExtResource( 5 )]
transform = Transform( 0.5, 0, 8.74228e-08, 0, 0.5, 0, -8.74228e-08, 0, 0.5, 38, 1, -4 )
activatedObjects = [ NodePath("../OR Node") ]

[node name="OR Node" parent="Objects" instance=ExtResource( 7 )]
transform = Transform( 0.5, 0, 8.74228e-08, 0, 0.5, 0, -8.74228e-08, 0, 0.5, 38, 1, -6 )
activatedObjects = [ NodePath("../Door2") ]

[node name="Base8" parent="Objects" instance=ExtResource( 6 )]
transform = Transform( 1, 0, 0, 0, 1, 0, 0, 0, 1, 32, 0, 20 )
draggable = true
rotationType = "90"

[node name="1SM" parent="Objects/Base8" instance=ExtResource( 12 )]
transform = Transform( -0.707107, 0, 0.707107, 0, 1, 0, -0.707107, 0, -0.707107, 0, 0, 1.90735e-06 )

[node name="Base12" parent="Objects" instance=ExtResource( 6 )]
transform = Transform( 1, 0, 0, 0, 1, 0, 0, 0, 1, 36, 0, 20 )
draggable = true
rotationType = "90"

[node name="1SM" parent="Objects/Base12" instance=ExtResource( 12 )]
transform = Transform( -0.707107, 0, 0.707107, 0, 1, 0, -0.707107, 0, -0.707107, 0, 0, 1.90735e-06 )

[node name="Base17" parent="Objects" instance=ExtResource( 6 )]
transform = Transform( 1, 0, 0, 0, 1, 0, 0, 0, 1, 40, 0, 18 )
draggable = true
rotationType = "90"

[node name="1SM" parent="Objects/Base17" instance=ExtResource( 12 )]
transform = Transform( 0.707107, 0, -0.707107, 0, 1, 0, 0.707107, 0, 0.707107, 0, 0, 1.90735e-06 )

[node name="Base21" parent="Objects" instance=ExtResource( 6 )]
transform = Transform( 1, 0, 0, 0, 1, 0, 0, 0, 1, 40, 0, 14 )
draggable = true
rotationType = "90"

[node name="1SM" parent="Objects/Base21" instance=ExtResource( 12 )]
transform = Transform( 0.707107, 0, 0.707107, 0, 1, 0, -0.707107, 0, 0.707107, 0, 0, 1.90735e-06 )

[node name="Base9" parent="Objects" instance=ExtResource( 6 )]
transform = Transform( 1, 0, 0, 0, 1, 0, 0, 0, 1, 38, 0, 20 )
draggable = true
rotationType = "90"

[node name="1SM" parent="Objects/Base9" instance=ExtResource( 12 )]
transform = Transform( -0.707107, 0, -0.707107, 0, 1, 0, 0.707107, 0, -0.707107, 0, 0, 0 )

[node name="Base13" parent="Objects" instance=ExtResource( 6 )]
transform = Transform( 1, 0, 0, 0, 1, 0, 0, 0, 1, 34, 0, 20 )
draggable = true
rotationType = "90"

[node name="1SM" parent="Objects/Base13" instance=ExtResource( 12 )]
transform = Transform( -0.707107, 0, -0.707107, 0, 1, 0, 0.707107, 0, -0.707107, 0, 0, 0 )

[node name="Base15" parent="Objects" instance=ExtResource( 6 )]
transform = Transform( -4.37114e-08, 0, -1, 0, 1, 0, 1, 0, -4.37114e-08, 40, 0, 20 )
draggable = true
rotationType = "90"

[node name="1SM" parent="Objects/Base15" instance=ExtResource( 12 )]
transform = Transform( -0.707107, 0, -0.707107, 0, 1, 0, 0.707107, 0, -0.707107, 0, 0, 0 )

[node name="Base19" parent="Objects" instance=ExtResource( 6 )]
transform = Transform( 1, 0, 0, 0, 1, 0, 0, 0, 1, 42, 0, 20 )
draggable = true
rotationType = "90"

[node name="1SM" parent="Objects/Base19" instance=ExtResource( 12 )]
transform = Transform( -0.707107, 0, -0.707107, 0, 1, 0, 0.707107, 0, -0.707107, 0, 0, 0 )

[node name="Base24" parent="Objects" instance=ExtResource( 6 )]
transform = Transform( 1, 0, 0, 0, 1, 0, 0, 0, 1, 42, 0, 14 )
draggable = true
rotationType = "90"

[node name="1SM" parent="Objects/Base24" instance=ExtResource( 12 )]
transform = Transform( -0.707107, 0, -0.707107, 0, 1, 0, 0.707107, 0, -0.707107, 0, 0, 0 )

[node name="Base10" parent="Objects" instance=ExtResource( 6 )]
transform = Transform( 1, 0, 0, 0, 1, 0, 0, 0, 1, 34, 0, 18 )
draggable = true
rotationType = "90"

[node name="1SM" parent="Objects/Base10" instance=ExtResource( 12 )]
transform = Transform( 0.707107, 0, 0.707107, 0, 1, 0, -0.707107, 0, 0.707107, 0, 0, 0 )

[node name="Base18" parent="Objects" instance=ExtResource( 6 )]
transform = Transform( -4.37114e-08, 0, 1, 0, 1, 0, -1, 0, -4.37114e-08, 40, 0, 16 )
draggable = true
rotationType = "90"

[node name="1SM" parent="Objects/Base18" instance=ExtResource( 12 )]
transform = Transform( 0.707107, 0, 0.707107, 0, 1, 0, -0.707107, 0, 0.707107, 0, 0, 0 )

[node name="Base14" parent="Objects" instance=ExtResource( 6 )]
transform = Transform( 1, 0, 0, 0, 1, 0, 0, 0, 1, 38, 0, 18 )
draggable = true
rotationType = "90"

[node name="1SM" parent="Objects/Base14" instance=ExtResource( 12 )]
transform = Transform( 0.707107, 0, 0.707107, 0, 1, 0, -0.707107, 0, 0.707107, 0, 0, 0 )

[node name="Base11" parent="Objects" instance=ExtResource( 6 )]
transform = Transform( 1, 0, 0, 0, 1, 0, 0, 0, 1, 36, 0, 18 )
draggable = true
rotationType = "90"

[node name="1SM" parent="Objects/Base11" instance=ExtResource( 12 )]
transform = Transform( 0.707107, 0, -0.707107, 0, 1, 0, 0.707107, 0, 0.707107, 0, 0, 0 )

[node name="Base20" parent="Objects" instance=ExtResource( 6 )]
transform = Transform( 1, 0, 0, 0, 1, 0, 0, 0, 1, 42, 0, 16 )
draggable = true
rotationType = "90"

[node name="1SM" parent="Objects/Base20" instance=ExtResource( 12 )]
transform = Transform( 0.707107, 0, -0.707107, 0, 1, 0, 0.707107, 0, 0.707107, 0, 0, 0 )

[node name="Base22" parent="Objects" instance=ExtResource( 6 )]
transform = Transform( 1, 0, 0, 0, 1, 0, 0, 0, 1, 42, 0, 12 )
draggable = true
rotationType = "90"

[node name="1SM" parent="Objects/Base22" instance=ExtResource( 12 )]
transform = Transform( 0.707107, 0, -0.707107, 0, 1, 0, 0.707107, 0, 0.707107, 0, 0, 0 )

[node name="AGate2" parent="Objects" instance=ExtResource( 13 )]
transform = Transform( -2.18557e-08, 0, 0.5, 0, 0.5, 0, -0.5, 0, -2.18557e-08, 36, 0, -8 )
activatedObjects = [ NodePath("../OR Node") ]

[node name="Laser2" parent="Objects" instance=ExtResource( 1 )]
transform = Transform( -4.56956e-08, 0, -1, 0, 1, 0, 1, 0, -4.56956e-08, 40, 0, -8 )

[node name="Door2" parent="Objects" instance=ExtResource( 14 )]
transform = Transform( 6.55671e-08, 0, -0.5, 0, 0.5, 0, 0.5, 0, 6.55671e-08, 38, 0, -8 )

[node name="Walls" type="Spatial" parent="Objects"]

[node name="AAbsorber4" parent="Objects" instance=ExtResource( 10 )]
transform = Transform( 0.5, 0, 0, 0, 0.5, 0, 0, 0, 0.5, 42, 0, 4 )
activatedObjects = [ NodePath("../Blocker4"), NodePath("../AND Node") ]

[node name="1SM7" parent="Objects" instance=ExtResource( 12 )]
transform = Transform( -0.707107, 0, -0.707107, 0, 1, 0, 0.707107, 0, -0.707107, 44, 0, 6 )

[node name="1SM8" parent="Objects" instance=ExtResource( 12 )]
transform = Transform( 0.707107, 0, -0.707107, 0, 1, 0, 0.707107, 0, 0.707107, 44, 0, 4 )

[node name="1SM9" parent="Objects" instance=ExtResource( 12 )]
transform = Transform( -0.707107, 0, 0.707107, 0, 1, 0, -0.707107, 0, -0.707107, 40, 0, 6 )

[node name="Laser4" parent="Objects" instance=ExtResource( 1 )]
transform = Transform( 1, 0, -5.96046e-08, 0, 1, 0, 5.96046e-08, 0, 1, 40, 0, 2 )

[node name="Blocker4" parent="Objects" instance=ExtResource( 11 )]
transform = Transform( 0.5, 0, 0, 0, 0.5, 0, 0, 0, 0.5, 40, 0, 4 )

[node name="AAbsorber5" parent="Objects" instance=ExtResource( 10 )]
transform = Transform( 0.5, 0, 0, 0, 0.5, 0, 0, 0, 0.5, 32, 0, 2 )
activatedObjects = [ NodePath("../Blocker5"), NodePath("../AND Node") ]

[node name="1SM10" parent="Objects" instance=ExtResource( 12 )]
transform = Transform( -0.707107, 0, -0.707107, 0, 1, 0, 0.707107, 0, -0.707107, 34, 0, 6 )

[node name="1SM11" parent="Objects" instance=ExtResource( 12 )]
transform = Transform( 0.707107, 0, -0.707107, 0, 1, 0, 0.707107, 0, 0.707107, 34, 0, 1.90735e-06 )

[node name="1SM13" parent="Objects" instance=ExtResource( 12 )]
transform = Transform( 0.707107, 0, 0.707107, 0, 1, 0, -0.707107, 0, 0.707107, 32, 0, 0 )

[node name="1SM12" parent="Objects" instance=ExtResource( 12 )]
transform = Transform( -0.707107, 0, 0.707107, 0, 1, 0, -0.707107, 0, -0.707107, 30, 0, 6 )

[node name="Laser5" parent="Objects" instance=ExtResource( 1 )]
transform = Transform( 1, 0, -5.96046e-08, 0, 1, 0, 5.96046e-08, 0, 1, 30, 0, 0 )

[node name="Blocker5" parent="Objects" instance=ExtResource( 11 )]
transform = Transform( 0.5, 0, 0, 0, 0.5, 0, 0, 0, 0.5, 30, 0, 2 )

[node name="AAbsorber6" parent="Objects" instance=ExtResource( 10 )]
transform = Transform( 0.5, 0, 0, 0, 0.5, 0, 0, 0, 0.5, 34, 0, 12 )
activatedObjects = [ NodePath("../Blocker6"), NodePath("../AND Node") ]

[node name="1SM14" parent="Objects" instance=ExtResource( 12 )]
transform = Transform( -0.707107, 0, -0.707107, 0, 1, 0, 0.707107, 0, -0.707107, 34, 0, 16 )

[node name="1SM15" parent="Objects" instance=ExtResource( 12 )]
transform = Transform( 0.707107, 0, 0.707107, 0, 1, 0, -0.707107, 0, 0.707107, 32, 0, 16 )

[node name="1SM16" parent="Objects" instance=ExtResource( 12 )]
transform = Transform( 0.707107, 0, -0.707107, 0, 1, 0, 0.707107, 0, 0.707107, 34, 0, 14 )

[node name="1SM17" parent="Objects" instance=ExtResource( 12 )]
transform = Transform( -0.707107, 0, 0.707107, 0, 1, 0, -0.707107, 0, -0.707107, 32, 0, 14 )

[node name="Laser6" parent="Objects" instance=ExtResource( 1 )]
transform = Transform( 1, 0, -5.96046e-08, 0, 1, 0, 5.96046e-08, 0, 1, 32, 0, 10 )

[node name="Blocker6" parent="Objects" instance=ExtResource( 11 )]
transform = Transform( 0.5, 0, 0, 0, 0.5, 0, 0, 0, 0.5, 32, 0, 12 )

[node name="Cycle Timer" type="Timer" parent="."]
wait_time = 0.4

[node name="LevelUI" parent="." instance=ExtResource( 4 )]

[connection signal="LevelComplete" from="Objects/Goal" to="." method="_on_Goal_LevelComplete"]
[connection signal="timeout" from="Cycle Timer" to="." method="_on_Cycle_Timer_timeout"]

[editable path="Camera Related"]
